reg   vol
701   1145
702   1007
703   6.370626303
704   208
705   1410
706   75
707   139
708   13611
710   0.0091136
711   0.0091136
712   0.0091136
713   0.0091136
714   0.0091136
715   0.0091136
716   0.0091136
717   0.0091136
718   0.0091136
719   0.0091136
720   0.0091136
721   0.0091136
722   0.0091136
723   0.0091136
724   0.0091136
725   0.0091136
726   0.0091136
727   0.0091136
728   0.0091136
729   0.0091136
730   0.0091136
731   0.0091136
732   0.0091136
733   0.0091136
734   0.0091136
735   0.0091136
736   0.0091136
737   0.0091136
738   0.0091136
739   0.0091136
740   0.0091136